-14.32 0	-96.32
-14.40 0	-95.54
-14.48 0	-94.84
-14.73 0	-94.15
-15.17 0	-93.45
-15.53 0	-92.87
-16.06 0	-92.41
-16.70 0	-92.06
-17.37 0	-91.84
-18.04 0	-91.69
-18.73 0	-91.66
-19.43 0	-91.71
-20.00 0 -91.89
-20.63 0	-92.22
-21.23 0	-92.51
-21.70 0	-92.92
-22.07 0	-93.51
-22.32 0	-94.06
-22.58 0	-94.75
-22.70 0	-95.47
-22.65 0	-96.21
-22.52 0	-96.92
-22.33 0	-97.67
-22.00 0 -98.43
-21.54 0	-98.86
-20.95 0	-99.37
-20.35 0	-99.8
-19.70 0	-100.03
-18.94 0	-100.2
-18.16 0	-100.09
-17.29 0	-100.01
-16.65 0	-99.73
-15.92 0	-99.29
-15.40 0	-98.71
-14.95 0	-98.07
-14.62 0	-97.32
