# Header
# Format: cartesian
# Units: um

# Data
# PointID X Y Z
0 -14.32 0	-96.32
1 -14.40 0	-95.54
2 -14.48 0	-94.84
3 -14.73 0	-94.15
4 -15.17 0	-93.45
5 -15.53 0	-92.87
6 -16.06 0	-92.41
7 -16.70 0	-92.06
8 -17.37 0	-91.84
9 -18.04 0	-91.69
10 -18.73 0	-91.66
11 -19.43 0	-91.71
12 -20.00 0 -91.89
13 -20.63 0	-92.22
14 -21.23 0	-92.51
15 -21.70 0	-92.92
16 -22.07 0	-93.51
17 -22.32 0	-94.06
18 -22.58 0	-94.75
19 -22.70 0	-95.47
20 -22.65 0	-96.21
21 -22.52 0	-96.92
22 -22.33 0	-97.67
23 -22.00 0 -98.43
24 -21.54 0	-98.86
25 -20.95 0	-99.37
26 -20.35 0	-99.8
27 -19.70 0	-100.03
28 -18.94 0	-100.2
29 -18.16 0	-100.09
30 -17.29 0	-100.01
31 -16.65 0	-99.73
32 -15.92 0	-99.29
33 -15.40 0	-98.71
34 -14.95 0	-98.07
35 -14.62 0	-97.32
