# Header
# Format: cartesian
# Units: um

# Data
# PointID X Y Z
0 -14.32 -96.32
1 -14.40 -95.54
2 -14.48 -94.84
3 -14.73 -94.15
4 -15.17 -93.45
5 -15.53 -92.87
6 -16.06 -92.41
7 -16.70 -92.06
8 -17.37 -91.84
9 -18.04 -91.69
10 -18.73	-91.66
11 -19.43	-91.71
12 -20.00 -91.89
13 -20.63	-92.22
14 -21.23	-92.51
15 -21.70	-92.92
16 -22.07	-93.51
17 -22.32	-94.06
18 -22.58	-94.75
19 -22.70	-95.47
20 -22.65	-96.21
21 -22.52	-96.92
22 -22.33	-97.67
23 -22.00 -98.43
24 -21.54	-98.86
25 -20.95	-99.37
26 -20.35	-99.8
27 -19.70	-100.03
28 -18.94	-100.2
29 -18.16	-100.09
30 -17.29	-100.01
31 -16.65	-99.73
32 -15.92	-99.29
33 -15.40	-98.71
34 -14.95	-98.07
35 -14.62	-97.32
