# Header
# Format: cartesian
# Units: mm

# Data
P0   1734.240785   958.397921   -47.694920
P1   1718.814392   979.057087   -35.872439
P2   1702.396735   1001.097006   -28.696083
P3   1685.508693   1023.818492   -26.400624
P4   1668.660434   1046.544591   -29.057658
P5   1652.368956   1068.569558   -36.588346
P6   1637.120120   1089.243415   -48.770415
P7   1623.397508   1107.905674   -65.225601
P8   1611.610626   1124.002855   -85.453904
P9   1602.113630   1137.044435   -108.840849
P10   1595.194613   1146.635864   -134.655946
P11   1591.043143   1152.501684   -162.105225
P12   1589.851412   1154.430046   -190.490330
P13   1591.594844   1152.385484   -218.778157
P14   1596.235056   1146.426104   -246.161114
P15   1603.634293   1136.733121   -271.816760
P16   1613.556345   1123.614587   -294.945868
P17   1625.702016   1107.461979   -314.868941
P18   1639.715888   1088.756609   -330.992067
P19   1655.173034   1068.064727   -342.816512
P20   1671.581600   1046.035073   -349.977465
P21   1688.528567   1023.226110   -352.260257
P22   1705.362597   1000.527424   -349.560015
P23   1721.670526   978.479354   -341.987896
P24   1736.884828   957.847088   -329.797309
P25   1750.589054   939.206070   -313.326247
P26   1762.370284   923.132884   -293.074214
P27   1771.847815   910.117015   -269.697079
P28   1778.754276   900.539201   -243.864541
P29   1782.867835   894.704096   -216.387240
P30   1784.069013   892.783259   -188.042152
P31   1782.329277   894.829075   -159.865729
P32   1777.668601   900.810809   -132.411926
P33   1770.268157   910.509771   -106.769768
P34   1760.336967   923.639696   -83.643985
P35   1748.166627   939.818267   -63.716041
P36   1734.127846   958.553953   -47.601217
