P0   1651.551699   1072.124336   -265.975287
P1   1651.736393   1071.867852   -265.257719
P2   1651.897872   1071.643386   -264.609692
P3   1651.967934   1071.541258   -263.886324
P4   1651.941969   1071.567387   -263.060344
P5   1651.922835   1071.585853   -262.378220
P6   1651.780363   1071.770683   -261.716374
P7   1651.548695   1072.076107   -261.095772
P8   1651.263682   1072.454442   -260.573345
P9   1650.958356   1072.860793   -260.111767
P10   1650.607793   1073.329091   -259.744613
P11   1650.228808   1073.836369   -259.442057
P12   1649.879787   1074.305182   -259.316765
P13   1649.455996   1074.875795   -259.292204
P14   1649.059434   1075.409515   -259.247702
P15   1648.695736   1075.900770   -259.371771
P16   1648.331873   1076.394454   -259.701739
P17   1648.042098   1076.788599   -260.056254
P18   1647.706490   1077.245735   -260.527522
P19   1647.435071   1077.617424   -261.094072
P20   1647.246364   1077.878782   -261.762041
P21   1647.108017   1078.072445   -262.443476
P22   1646.989303   1078.240352   -263.189341
P23   1646.940582   1078.314807   -264.013103
P24   1647.055313   1078.166698   -264.614269
P25   1647.214516   1077.960114   -265.349236
P26   1647.402142   1077.714551   -266.019606
P27   1647.673839   1077.354140   -266.540839
P28   1648.020223   1076.893145   -267.064292
P29   1648.458273   1076.306167   -267.354237
P30   1648.934479   1075.668547   -267.714749
P31   1649.348967   1075.110985   -267.787716
P32   1649.856746   1074.426739   -267.766090
P33   1650.295810   1073.832643   -267.518962
P34   1650.715838   1073.263260   -267.185076
P35   1651.105305   1072.733384   -266.696254
